-1.161510753631591797e+01 -1.065224266052246094e+01
-4.539261817932128906e+00 -1.378329181671142578e+01
4.409845829010009766e+00 -9.903973579406738281e+00
1.796699523925781250e+00 -2.079260826110839844e+01
-1.136472129821777344e+01 -3.484101867675781250e+01
-1.896292686462402344e+01 -3.283458232879638672e+00
-3.925759124755859375e+01 -2.112434768676757812e+01
-4.220267486572265625e+01 -5.826985836029052734e+00
3.573516464233398438e+01 1.340285778045654297e+01
-1.299604701995849609e+01 -1.949509429931640625e+01
-2.657989311218261719e+01 2.153176498413085938e+01
7.237979888916015625e+00 3.338607788085937500e+00
-2.854232788085937500e+01 -1.154287528991699219e+01
-1.950659942626953125e+01 -1.073524570465087891e+01
-6.546730041503906250e+00 -2.161586761474609375e+00
1.207044982910156250e+01 -1.655122756958007812e+01
-1.317831158638000488e+00 1.458484172821044922e+01
-1.581597423553466797e+01 8.775976181030273438e+00
-2.508119583129882812e+01 -2.413977050781250000e+01
-3.019562530517578125e+01 1.649134755134582520e+00
4.057673645019531250e+01 1.038496494293212891e+01
-2.819213294982910156e+01 -3.991019439697265625e+01
2.036550521850585938e+01 -1.215860939025878906e+01
2.632996177673339844e+01 -2.717867088317871094e+01
1.091235828399658203e+01 -2.966977500915527344e+01
