3.256063368579811268e-01
5.681918521482485218e-01
6.192101173484355625e-01
6.300424818288042905e-01
6.450027245359215566e-01
6.528687092365165201e-01
6.583783776363918427e-01
6.623315147048478568e-01
6.754153590213687330e-01
6.827333858832813629e-01
6.875523711940481064e-01
6.894069552557016145e-01
6.908639550221911119e-01
6.915573659622897829e-01
6.998251110275385267e-01
7.004719577882410064e-01
7.094660848713678636e-01
7.103011669853178667e-01
7.156697907064808462e-01
7.165367045526874756e-01
7.197921466993422168e-01
7.219095203674610328e-01
7.241873804595515551e-01
7.241915459076657680e-01
7.261175697492125991e-01
7.282641659735400452e-01
7.392454490869384554e-01
7.459029759201475374e-01
7.530307126944790763e-01
7.658046906898955397e-01
7.674878794724455666e-01
7.704445845549268146e-01
7.764653795499535383e-01
7.774881713647647796e-01
7.806304801653761727e-01
7.829600509298423328e-01
7.834054818390081554e-01
7.855685605695053031e-01
7.879435275276783779e-01
7.966879122432615201e-01
7.976992266305074075e-01
8.009434301301849857e-01
8.011326025955688435e-01
8.033324697194944575e-01
8.044754831719660437e-01
8.157498081014058489e-01
8.163526790143811329e-01
8.183610936668009872e-01
8.268661748335763839e-01
8.269615861901091769e-01
8.313201569314663253e-01
8.344675040223279439e-01
8.356133991592628041e-01
8.377025050884395752e-01
8.385145264950021327e-01
8.439695231437512879e-01
8.451925193796725466e-01
8.458209901568154443e-01
8.471176659935352182e-01
8.504694925235868341e-01
8.511755410156980339e-01
8.541346536173897164e-01
8.560674512674180114e-01
8.588699713416826365e-01
8.653318049747871221e-01
8.707885918897902977e-01
8.737396201311490307e-01
8.766559366174287993e-01
8.806593718143237437e-01
8.830581058210157375e-01
8.855619883161190975e-01
8.867446603581183862e-01
8.898197074685216812e-01
8.917013999375560385e-01
8.959131976068984704e-01
9.004628692997274086e-01
9.042814565212073941e-01
9.058571781618189878e-01
9.070208018187377874e-01
9.089885176279837165e-01
9.134253427243437251e-01
9.136880141643661801e-01
9.150218362932996952e-01
9.196702528261632148e-01
9.208787034819028161e-01
9.211094995263222618e-01
9.219997196887024238e-01
9.259077331748091222e-01
9.260676231405524650e-01
9.260837936834825923e-01
9.302855917735430857e-01
9.326681356704413783e-01
9.362393003378585155e-01
9.372631484161539905e-01
9.451470197258842187e-01
9.451725215392621227e-01
9.472944835199558211e-01
9.483791955990893419e-01
9.495420535256026140e-01
9.504038765732112370e-01
9.509834897438308454e-01
9.514826007211063530e-01
9.524617579142526935e-01
9.524657646277425727e-01
9.527780203377896884e-01
9.529648499666444339e-01
9.550965710466284841e-01
9.560404103537379905e-01
9.595913860621972935e-01
9.612918806826544760e-01
9.641975070943041848e-01
9.657338861468056646e-01
9.660486817169693374e-01
9.665982619276417553e-01
9.690627341556309338e-01
9.726141500196704426e-01
9.726762504439131485e-01
9.734958831954053649e-01
9.736129186823309078e-01
9.763892995637777350e-01
9.788363338392764845e-01
9.801413015410800345e-01
9.803056729242018985e-01
9.817779913301575290e-01
9.823210290857613547e-01
9.827243234733247235e-01
9.831516874965446906e-01
9.839796528017494825e-01
9.843462977233544686e-01
9.861770765070098088e-01
9.868206344378377404e-01
9.871511998291194745e-01
9.892639162010912202e-01
9.895266774058599779e-01
9.895702108454726975e-01
9.943089110643459350e-01
9.948937796481752693e-01
9.959928237673966178e-01
9.962296160954065005e-01
9.971696595508824368e-01
9.973363527345723289e-01
9.996162912186582483e-01
9.997202031149964307e-01
1.001973125197821668e+00
1.002341136110977082e+00
1.004749030606825411e+00
1.006062975249221614e+00
1.007650447025785878e+00
1.010581103980861650e+00
1.010727243259389008e+00
1.011616257722374401e+00
1.013095281398325831e+00
1.015556867113957651e+00
1.016898306451810674e+00
1.017379623827597390e+00
1.017406173527751312e+00
1.018672408263037177e+00
1.020106076196591438e+00
1.021946359903856738e+00
1.022210382539834317e+00
1.022886544015976895e+00
1.023476146457702907e+00
1.023664886091932624e+00
1.026665170019191775e+00
1.026856077665619926e+00
1.029485544076961689e+00
1.030571594697033300e+00
1.032322076690576962e+00
1.032347633946261389e+00
1.035466971143233383e+00
1.036562507058662819e+00
1.038597664098574125e+00
1.042751120164062018e+00
1.043429345959203225e+00
1.046213515810698214e+00
1.050099292433927634e+00
1.051210108924266473e+00
1.051598210860017479e+00
1.053754145884732818e+00
1.054639628104377946e+00
1.057066330536372556e+00
1.058072431443118688e+00
1.059411375495649565e+00
1.063516349443424103e+00
1.063575867145880371e+00
1.067305220180269298e+00
1.067637690465787381e+00
1.069229146259941476e+00
1.069993375140772862e+00
1.070025769496569579e+00
1.073499275710185552e+00
1.075092920110013450e+00
1.075584164130423570e+00
1.078739440208801748e+00
1.080144457267255165e+00
1.082962542392342797e+00
1.083060838957863536e+00
1.083138818597126241e+00
1.084864697561259694e+00
1.085679652890800595e+00
1.089347067078555664e+00
1.089987268307308188e+00
1.091166929610486225e+00
1.099971473205489936e+00
1.101246067534836115e+00
1.102386651653803007e+00
1.103697675397131261e+00
1.107308511403218398e+00
1.108221769733899853e+00
1.111709961306860617e+00
1.113672727894897241e+00
1.114812612394263880e+00
1.116389380241620266e+00
1.116792021305953231e+00
1.118507279682689148e+00
1.119244687506563141e+00
1.120130851012909545e+00
1.124807983166197234e+00
1.125857396510518305e+00
1.129718446269885490e+00
1.135461866564358324e+00
1.136093135486304195e+00
1.136885897802091261e+00
1.140353651299235160e+00
1.142259845020732634e+00
1.142821131922216349e+00
1.144007941042734400e+00
1.144865011750639594e+00
1.145652075947649839e+00
1.150952422195147706e+00
1.157021628464490304e+00
1.162275005150480878e+00
1.162362252518053696e+00
1.162552041434022465e+00
1.171026442182697913e+00
1.172724282603813561e+00
1.177631006104885802e+00
1.178738685076201609e+00
1.180538021575474161e+00
1.187902881618672968e+00
1.188020290748040608e+00
1.189284426450274212e+00
1.199465155760143231e+00
1.201442104785843457e+00
1.208749311962638462e+00
1.209114720511181185e+00
1.218160972390547325e+00
1.223263301033548078e+00
1.228025871216900322e+00
1.229246166408225927e+00
1.238122345870429131e+00
1.240507556837398218e+00
1.259539188451687330e+00
1.263402278474311080e+00
1.264642676606455129e+00
1.266930375114858842e+00
1.268729961018425723e+00
1.290858389830775277e+00
1.300440896131451751e+00
1.331810809147011110e+00
1.352953320592404918e+00
1.356032949409525790e+00
1.363000616048327007e+00
1.363783251059947910e+00
1.364115989757879621e+00
1.368022674521615745e+00
1.370253839506233140e+00
1.370517978129559333e+00
1.377996565189395950e+00
1.419623881888978589e+00
1.468598945570195324e+00
1.480612065553764012e+00
1.504587413463245538e+00
1.542320367142868243e+00
1.592386318850444127e+00
1.598886478544564227e+00
