1.459992216660287515e-02
1.677532189957325545e-02
1.716139363602775178e-02
1.778090099243157668e-02
1.809659539385934102e-02
1.823958459105704671e-02
1.882508237541115348e-02
1.895114197838202938e-02
1.904067145604423569e-02
1.925529767952519761e-02
1.957888245605035257e-02
2.000745623633322021e-02
2.024380945180603505e-02
2.033291419836452327e-02
2.038438425416319935e-02
2.039009210096627556e-02
2.045505483155775003e-02
2.085079623412247965e-02
2.097017846355156770e-02
2.102343200757903277e-02
2.104448894694189651e-02
2.124593387781256379e-02
2.154124688086271264e-02
2.184129470520169633e-02
2.201951689204868431e-02
2.204162903043714594e-02
2.228170086642437125e-02
2.252469151598190250e-02
2.265249148183500275e-02
2.278138504306255474e-02
2.292016827480683125e-02
2.296661374111192561e-02
2.308914230717684299e-02
2.315307193357114476e-02
2.325879441472494119e-02
2.335823578113678523e-02
2.389660949226197692e-02
2.392529167575148386e-02
2.397051203939576380e-02
2.412571194920765105e-02
2.423825165558467568e-02
2.425359200835649348e-02
2.429939682422411346e-02
2.442012181285748915e-02
2.445858473202119909e-02
2.451134209740812170e-02
2.463361645654220736e-02
2.477133184031934943e-02
2.513845402012978431e-02
2.531694474100076170e-02
2.537911945459392360e-02
2.565545748225488837e-02
2.566884109619397419e-02
2.580244776574618440e-02
2.580873080286960261e-02
2.590167701009383691e-02
2.590198982447326423e-02
2.603365337519336978e-02
2.605094169321180153e-02
2.607318256189139830e-02
2.610362192739231271e-02
2.612637108025387539e-02
2.615436218240397084e-02
2.628346581770768520e-02
2.637780332643168205e-02
2.640037207355177412e-02
2.642866874975397656e-02
2.653131314269438143e-02
2.661675169040260414e-02
2.662296468392327461e-02
2.664727331361789811e-02
2.702770129361565729e-02
2.732921852632765394e-02
2.738903134337516629e-02
2.740231411133567038e-02
2.756801958272258463e-02
2.769288270718666539e-02
2.771490212269019440e-02
2.781286512191590704e-02
2.781470214877075284e-02
2.799013537642723592e-02
2.801997209790166657e-02
2.809344001937037760e-02
2.814476643350220797e-02
2.816166908464124569e-02
2.827712670794667316e-02
2.830780381802707607e-02
2.830991425818676563e-02
2.832862380521147458e-02
2.839889119049234661e-02
2.844010217872817992e-02
2.856407551734114342e-02
2.880312968395606910e-02
2.892858691397725765e-02
2.893312904948793993e-02
2.897975364679508323e-02
2.929790307827512957e-02
2.934601130808913230e-02
2.935572123833373598e-02
2.943067904423970343e-02
2.951799084409707091e-02
2.952459538325970245e-02
2.970909564072147721e-02
2.971599073301138191e-02
2.989443119161950754e-02
2.996197561698703965e-02
3.004190278864874927e-02
3.024132742163461798e-02
3.025720249565101369e-02
3.026616451360479229e-02
3.050673489904879784e-02
3.053534791085010455e-02
3.074560007099421191e-02
3.084266272999409628e-02
3.085161194782268246e-02
3.090492922095313191e-02
3.090588371557598246e-02
3.118886893239724081e-02
3.119651380922845024e-02
3.125950215643098773e-02
3.136766814259281388e-02
3.138070373533136809e-02
3.146189334134586596e-02
3.150818471563514300e-02
3.166334200633281332e-02
3.179051328846980995e-02
3.187413704655395891e-02
3.207061904383627648e-02
3.215711115213808896e-02
3.225067491545122872e-02
3.238041055670257823e-02
3.250388952884582933e-02
3.250684368023482040e-02
3.258613547853032172e-02
3.260814394939717809e-02
3.272912036644522876e-02
3.273309711391166749e-02
3.282695964014862439e-02
3.286735063352083652e-02
3.294321845485977812e-02
3.299703058785197901e-02
3.315652892757280090e-02
3.319528959168428078e-02
3.319953042750594524e-02
3.324409045553191472e-02
3.344463551107515475e-02
3.392352469844954477e-02
3.405385882590325486e-02
3.405694239806446311e-02
3.421017292523927805e-02
3.426537852887213270e-02
3.430352916175883476e-02
3.446510609853693785e-02
3.456521326085559842e-02
3.461100844197963905e-02
3.463859026897140453e-02
3.471975079283171756e-02
3.479226577985677915e-02
3.490698593685196555e-02
3.502853865535777295e-02
3.508682608279782567e-02
3.512630050709802249e-02
3.512996228032509022e-02
3.518873279001898807e-02
3.521551366228501539e-02
3.538147698855697437e-02
3.545316934143130649e-02
3.556819900739058987e-02
3.557217891662526471e-02
3.564964017587674699e-02
3.568596907308395350e-02
3.570564124137941969e-02
3.571728421786015545e-02
3.575154991566435042e-02
3.605754756662168936e-02
3.606329726565871141e-02
3.609718775140742519e-02
3.613171468628038896e-02
3.614980245871007858e-02
3.632551425963943814e-02
3.633499064308833015e-02
3.646353574875194764e-02
3.654593259610735417e-02
3.657136196507010384e-02
3.657362010710542288e-02
3.663900904567337496e-02
3.714822106098990967e-02
3.715978677065257668e-02
3.732610841965504356e-02
3.755969265747123587e-02
3.774057366662882801e-02
3.775077738128334442e-02
3.781573757094653515e-02
3.787384437347163235e-02
3.799136937607942160e-02
3.817221336669521931e-02
3.838267909475152201e-02
3.843722088789295471e-02
3.853576035459624349e-02
3.862914861789158022e-02
3.879323919247613939e-02
3.883149340053739657e-02
3.883855065533138584e-02
3.899070680072709572e-02
3.905139060886529678e-02
3.906830239939366317e-02
3.926338400446491989e-02
3.929162583748523063e-02
3.931011672995201461e-02
3.935914111475923710e-02
3.968775287226701531e-02
4.028633603364952659e-02
4.028831494717276251e-02
4.032559550954212257e-02
4.037309016684913210e-02
4.038073856676364926e-02
4.043550033172770009e-02
4.047511721057445860e-02
4.061396010589391620e-02
4.066636714864595853e-02
4.087057067112859210e-02
4.088015839597860385e-02
4.108345362728151734e-02
4.122466623285536702e-02
4.163536207840445869e-02
4.180310847443120120e-02
4.206305563613471632e-02
4.209950609419961520e-02
4.223924344990653140e-02
4.243411911897148475e-02
4.248989314497920305e-02
4.278637560703842796e-02
4.295411349416074220e-02
4.299823972793493515e-02
4.325096160354749419e-02
4.334583887567752120e-02
4.338512112994953596e-02
4.342016319304583399e-02
4.342861465797516474e-02
4.366093634920693856e-02
4.406241367759844429e-02
4.411087314697677980e-02
4.424250922372789663e-02
4.425539690478139110e-02
4.449128734302375959e-02
4.449787964985182226e-02
4.473826043635976274e-02
4.493440266819406781e-02
4.525071408098695763e-02
4.526098031357016216e-02
4.562984688981445991e-02
4.609239867207511748e-02
4.612094454055218340e-02
4.732059264727250802e-02
4.787687056373294420e-02
4.849823583605074317e-02
4.853143434285265428e-02
4.898992485165371003e-02
4.902236531882807336e-02
4.914932913023581373e-02
4.926948150681074307e-02
4.973993230797944115e-02
5.082942717079250855e-02
5.089857912948025920e-02
5.149498955937815980e-02
5.175973669426785218e-02
5.205821228607247081e-02
5.288856331443393677e-02
5.348597806409822325e-02
5.355517849998533975e-02
5.366153298681758388e-02
5.379755002316475437e-02
5.388310057654621676e-02
5.502769340686128330e-02
5.553547653367281456e-02
5.595074789355419104e-02
