2.612657546997070312e-01
2.727892398834228516e-01
2.901951074600219727e-01
3.037748336791992188e-01
3.069930672645568848e-01
3.085656166076660156e-01
3.164111375808715820e-01
3.193573951721191406e-01
3.207950592041015625e-01
3.331092596054077148e-01
3.337005376815795898e-01
3.425327539443969727e-01
3.479875922203063965e-01
3.585250377655029297e-01
3.594524264335632324e-01
3.609406352043151855e-01
3.622770309448242188e-01
3.645842075347900391e-01
3.650180101394653320e-01
3.657122254371643066e-01
3.881823420524597168e-01
3.888421058654785156e-01
3.995249867439270020e-01
4.004592299461364746e-01
4.005610346794128418e-01
4.030557870864868164e-01
4.064301252365112305e-01
4.068598747253417969e-01
4.122042655944824219e-01
4.129939079284667969e-01
4.152910709381103516e-01
4.172921180725097656e-01
4.214453101158142090e-01
4.243458509445190430e-01
4.270698428153991699e-01
4.313642978668212891e-01
4.397625923156738281e-01
4.398577213287353516e-01
4.403578042984008789e-01
4.428191781044006348e-01
4.446236491203308105e-01
4.452730417251586914e-01
4.479711651802062988e-01
4.503877162933349609e-01
4.560688734054565430e-01
4.561825990676879883e-01
4.591724872589111328e-01
4.633717536926269531e-01
4.637169241905212402e-01
4.638587832450866699e-01
4.664027690887451172e-01
4.681737422943115234e-01
4.699932336807250977e-01
4.707242250442504883e-01
4.707779884338378906e-01
4.745205640792846680e-01
4.751141667366027832e-01
4.759680628776550293e-01
4.773393869400024414e-01
4.776120185852050781e-01
4.785888791084289551e-01
4.818145632743835449e-01
4.852210283279418945e-01
4.881073236465454102e-01
4.904524087905883789e-01
4.912555813789367676e-01
4.918074607849121094e-01
4.926673769950866699e-01
4.939919710159301758e-01
4.943724870681762695e-01
4.947932958602905273e-01
4.952045679092407227e-01
4.968737363815307617e-01
5.035935640335083008e-01
5.083142817020416260e-01
5.090071260929107666e-01
5.102869272232055664e-01
5.160093903541564941e-01
5.179560184478759766e-01
5.197526216506958008e-01
5.203060507774353027e-01
5.213472545146942139e-01
5.222006440162658691e-01
5.245073735713958740e-01
5.269085466861724854e-01
5.289390087127685547e-01
5.303258299827575684e-01
5.311443805694580078e-01
5.317305922508239746e-01
5.338076055049896240e-01
5.347812175750732422e-01
5.357801318168640137e-01
5.360201001167297363e-01
5.361050665378570557e-01
5.406050980091094971e-01
5.411596298217773438e-01
5.412073135375976562e-01
5.412954092025756836e-01
5.425233244895935059e-01
5.443164408206939697e-01
5.463309586048126221e-01
5.467938780784606934e-01
5.477634072303771973e-01
5.481407344341278076e-01
5.494170188903808594e-01
5.497865974903106689e-01
5.509599745273590088e-01
5.525938868522644043e-01
5.530906319618225098e-01
5.543523132801055908e-01
5.558073520660400391e-01
5.562767982482910156e-01
5.567604303359985352e-01
5.578255355358123779e-01
5.608341693878173828e-01
5.622351169586181641e-01
5.625780820846557617e-01
5.627513825893402100e-01
5.675943493843078613e-01
5.684760212898254395e-01
5.694434344768524170e-01
5.699288249015808105e-01
5.754954218864440918e-01
5.765351057052612305e-01
5.767084956169128418e-01
5.768508613109588623e-01
5.772494077682495117e-01
5.776852965354919434e-01
5.798278450965881348e-01
5.800166130065917969e-01
5.810205638408660889e-01
5.815427601337432861e-01
5.816887021064758301e-01
5.817133784294128418e-01
5.823086500167846680e-01
5.844707489013671875e-01
5.846586227416992188e-01
5.850688815116882324e-01
5.856681764125823975e-01
5.875769853591918945e-01
5.886336565017700195e-01
5.898819267749786377e-01
5.904348492622375488e-01
5.905991494655609131e-01
5.909318625926971436e-01
5.912511050701141357e-01
5.924557447433471680e-01
5.961624979972839355e-01
5.969698429107666016e-01
5.977478027343750000e-01
5.986166298389434814e-01
6.006742715835571289e-01
6.007246673107147217e-01
6.010673642158508301e-01
6.039648652076721191e-01
6.065893769264221191e-01
6.069283187389373779e-01
6.075832247734069824e-01
6.116299629211425781e-01
6.119203567504882812e-01
6.120021641254425049e-01
6.127313077449798584e-01
6.137499213218688965e-01
6.139762103557586670e-01
6.142058670520782471e-01
6.145045757293701172e-01
6.151024699211120605e-01
6.158324182033538818e-01
6.163339018821716309e-01
6.187775135040283203e-01
6.204645037651062012e-01
6.210549473762512207e-01
6.247245669364929199e-01
6.255587935447692871e-01
6.273918151855468750e-01
6.283798813819885254e-01
6.290407776832580566e-01
6.295087933540344238e-01
6.301213502883911133e-01
6.312548816204071045e-01
6.367283761501312256e-01
6.369799077510833740e-01
6.371695995330810547e-01
6.392453312873840332e-01
6.427778005599975586e-01
6.429696679115295410e-01
6.436975598335266113e-01
6.444411277770996094e-01
6.499925255775451660e-01
6.508738696575164795e-01
6.560571789741516113e-01
6.570051014423370361e-01
6.589842438697814941e-01
6.604883968830108643e-01
6.609620451927185059e-01
6.627035737037658691e-01
6.646800637245178223e-01
6.649555563926696777e-01
6.649705171585083008e-01
6.654412150382995605e-01
6.664015054702758789e-01
6.667048335075378418e-01
6.677767634391784668e-01
6.679929494857788086e-01
6.714939475059509277e-01
6.730594038963317871e-01
6.744648218154907227e-01
6.754695773124694824e-01
6.758644878864288330e-01
6.813738942146301270e-01
6.833162903785705566e-01
6.833211481571197510e-01
6.833641529083251953e-01
6.834609806537628174e-01
6.836607456207275391e-01
6.864283084869384766e-01
6.872519850730895996e-01
6.878981590270996094e-01
6.892693936824798584e-01
6.902492046356201172e-01
6.909855902194976807e-01
6.918837428092956543e-01
6.929976642131805420e-01
7.038628458976745605e-01
7.064931392669677734e-01
7.089177966117858887e-01
7.090343534946441650e-01
7.094509005546569824e-01
7.109481692314147949e-01
7.110224664211273193e-01
7.110357284545898438e-01
7.139793634414672852e-01
7.152842879295349121e-01
7.159820199012756348e-01
7.163590490818023682e-01
7.169442772865295410e-01
7.190186381340026855e-01
7.197254896163940430e-01
7.212816476821899414e-01
7.280460298061370850e-01
7.319353818893432617e-01
7.325323522090911865e-01
7.332985401153564453e-01
7.351162731647491455e-01
7.354426980018615723e-01
7.367599308490753174e-01
7.372622787952423096e-01
7.385458350181579590e-01
7.447206974029541016e-01
7.489736378192901611e-01
7.495135068893432617e-01
7.546608150005340576e-01
7.560928463935852051e-01
7.563624829053878784e-01
7.566246539354324341e-01
7.607122510671615601e-01
7.642930895090103149e-01
7.660835087299346924e-01
7.673366218805313110e-01
7.696592509746551514e-01
7.705449014902114868e-01
7.706154882907867432e-01
7.723259180784225464e-01
7.841965854167938232e-01
7.864628434181213379e-01
7.892196625471115112e-01
7.903666794300079346e-01
7.969902902841567993e-01
8.093156367540359497e-01
8.109119832515716553e-01
8.179494738578796387e-01
8.212112486362457275e-01
8.477978855371475220e-01
8.518031537532806396e-01
8.659759759902954102e-01
9.326775223016738892e-01
